70274088
80103685
80190134
80220247
81005501
81187210
60010110
20557937
60020683
60024942
70117312
70230640
70261674
70305903
80142090
80183339
80235928
81034553
70060018
80067930
80074904
80113785
80125979
80135164
80141173
80147908
80163052
80997613
81033429
81092766
81092768
81172729
81218137
81240831
81261846
81264660
81218137
81218137
81218137
81218137
80049951
80092926
80102204
80118101
80144691
80169348
80184055
80186862
80209006
80209895
80210602
80216844
80234465
80994282
81001496
81005561
81010212
81072979
81074663
81080637
81081656
81090071
81150918
81187847
81213757
81270770
70114977
70166234
70258995
70276596
80011018
80015280
80061797
80063025
80081408
80126016
80132964
80134521
80134603
80141253
80141254
80164392
80170312
80174356
80185032
80189853
80204923
80211622
80243541
81157589
81172911
81177341
81240436
81240437
81273559
81344084
372203
572762
60000681
60027409
70021648
80011134
80082739
80094453
80103727
80131194
80134517
80157133
80168188
80188580
80221692
80244680
80993095
81004797
81011569
81074015
81242001
81244362
81252547
81317287
70144331
80165850
80187062
80221317
80992039
81122487
81281635
445386
17671454
60021525
80015343
80053566
80057585
80082660
80082947
80091866
80115031
80142476
80214706
80234465
80245601
81219446
81324411
464403
8179348
17517355
60002088
70053462
70123920
70298735
70299286
80026431
80038298
80068117
80114155
80115118
80134500
80170278
80201490
80232501
80233511
80245356
81010212
81035866
81039410
81108479
81189912
1152837
60034545
70034219
70250461
70305892
80038353
80038354
80106307
80106989
80148920
80216928
80224476
80236421
80239565
80243600
80244088
80993489
81028570
81033473
81143771
81277950
81278481
81290693
81292225
24063311
60020747
70103761
70140907
70157102
70263863
70268209
80019608
80062111
80081955
80099083
80134526
80150243
80185070
80210691
80213886
80234491
80994878
81000061
81005309
81026327
81290742
81329041
70244437
60023617
70060015
70202139
70213512
70230638
70302836
80023938
80041653
80094058
80104130
80118930
80158668
80175421
80194126
80206847
80216161
80226021
80990658
81025595
81043734
81074367
81205993
81241439
81290755
70032591
70033913
70100378
70100380
70134402
70273612
70285670
70301013
80097472
80113786
80121841
80151644
80152091
80173001
80224218
80232989
80991026
81019938
81094801
81206010
81206890
81252991
81304228
60027942
60032925
60034532
80053637
80067831
80118101
80119188
80161104
80200267
80244457
81000864
81035851
81035887
81150305
81271525
81304160
81307207
81319170
60000901
60022048
60028133
60031274
70045850
70060017
70100329
70119441
80101899
80107037
80148178
80173176
80200047
81011717
81024260
81028870
81110383
81172740
81213147
81221656
81231241
81252520
81269624
81270667
5670479
60000661
70104316
80018021
80047616
80104554
80105690
80119194
80121840
80158854
80175147
80183169
80230507
80244709
80990341
80992365
81003741
81035857
81035863
81151926
81166286
81240441
81292345
81304171
557010
60023642
70117305
70155113
70283197
70293674
80017035
80024079
80106337
80118036
80131731
80141858
80165221
81002885
81016750
81035839
81035859
81048914
81048916
81055395
81088277
81150918
81187847
81237761
60000414
60020896
70002022
70007185
70020750
70077556
70121502
70139532
70250213
70295415
80027199
80038443
80074781
80082718
80093126
80097583
80101827
80119192
80170862
80171405
80199682
80218656
80988988
81076251
20282991
60028129
70048120
70053312
70178616
70202143
80039439
80121839
80141787
80164400
80183079
80192186
80231419
80235524
80999063
80999067
80999069
81035848
81043755
81058434
81064069
81074663
81086997
81344069
70020599
70114467
70272439
80098287
80106928
80148967
80157877
80158750
80182115
80191219
80204433
80223927
80227754
80244683
80993684
81030342
81035873
81043813
81092767
81107576
81172830
81231382
81270671
81332041
60031260
80015785
80018695
80058882
80075476
80082657
80160347
80183328
80189623
80223779
80224054
80236341
81002192
81039383
81057229
81082537
81212780
81307340
80075476
80075476
80075476
80075476
70000196
70130445
70264797
70293703
80045783
80057865
80099971
80223928
80244547
81031939
81174879
81214289
60000880
60027713
70028904
70056440
70071602
70167074
70208103
70208247
70244168
70269488
70270776
70291090
70298992
70303426
80198771
80221109
80231356
80232740
80244679
81001097
81035844
81049899
81062369
81245964
80161371
81101795
81101795
81101795
81101795
70044686
80076698
80093104
80095233
80175806
80239831
81001412
81001413
81005364
81091957
81172864
81252530
81001413
81001413
81001413
81001413
394550
70113002
70127228
70154109
70167070
70178621
70263864
70297814
80009431
80038445
80038527
80048224
80064512
80081960
80115109
80119189
80149139
80162246
80176212
80184055
80214236
80233408
81208936
81213757
60011650
60022350
60025677
60026337
60034571
70058026
70142543
70153859
70299855
80029943
80058481
80085300
80093295
80118002
80127886
80146759
80192187
80208082
80208212
80230399
81018120
81021355
81021356
81021357
81021358
81046796
81108677
81165326
81178339
81249044
80160346
80160346
60024788
70307663
80048977
80049282
80097349
80103512
80104316
80108430
80117533
80117542
80119815
80143556
80168198
80171022
80173002
80175798
80177834
80200571
80200961
80217039
80222256
80242446
81026818
81075239
81133621
81157840
81172755
81172901
81212801
80160346
70114897
70119811
70299745
70299904
80075560
80095206
80099204
80106927
80126485
80145699
80164456
80173387
80174727
80208830
80226233
80237300
81000365
81012366
81039382
81150338
81165786
81191666
81332757
81342505
60004007
70113007
70176968
70218756
80044093
80072444
80080618
80087743
80093198
80094721
80107219
80113673
80127504
80136821
80164930
80174897
80217569
80993650
81002412
81003929
81012294
81021832
81026251
81034185
81035117
81035120
81035856
81036338
81132442
81172909
60033314
70262614
81035121
81035122
81035126
81035127
70041963
70171581
80002924
80091595
80092884
80103102
80184135
80202809
80224467
80226962
81001000
81021243
81128584
60022058
70135898
80015154
80080060
80109551
80135585
80158485
80168230
80173479
80226234
81035474
81035882
81036199
81171121
81258641
81270838
81304219
70135898
70135898
452508
541027
986399
22004581
60004481
60020810
60036230
70045282
70047101
70084188
70257860
70262640
70273637
80036398
80048940
80092922
80098200
80117736
80170277
80192097
80209006
80990349
81005492
81016194
81019031
81023713
81092143
81141689
81146370
81176235
70135898
80098200
959008
70047102
70056430
70117295
80241061
81282070
60000428
60002389
60021786
60034569
70011216
70039175
70104894
70124804
80000644
80026238
80053558
80104330
80104993
80106140
80107084
80144280
80168300
80171247
80189630
80199689
80219143
80242376
80990328
80993655
80998890
81005044
81034317
81035871
81071970
81172902
60021785
60034929
70021652
70110558
70131315
70159317
70167075
70202148
70211042
80078739
80103734
80117684
80165855
80212798
80232655
81078032
81161230
81172904
81254437
80204465
80216393
80231917
80245104
81002196
81005492
81033865
81038963
81041495
81045007
81076898
81084350
81085815
81115400
80202958
80209024
80243709
80991326
81002464
81006825
81009671
81029150
81055026
81128934
81227758
81235969
81249503
81258622
81294132
81297470
81300126
81314070
80191048
80235578
80244123
80244682
80991400
80994020
80997400
80998967
81018455
81024100
81051688
81091977
81104634
81127353
81136736
81168282
81196441
81204624
81227047
80237006
80244681
80995078
80995079
80995081
81002195
81006335
81052231
81073195
81075461
81078456
81103512
81147910
81165325
81244450
81270690
81270691
80143362
80152625
80198478
80199806
80210602
80220761
80224106
80235268
80236133
80239666
80242081
80245041
81017092
81017506
81018181
81020005
81020839
81143068
80244547
80244547
80244547
80244547
80092849
80093126
80106337
80114419
80114719
80123744
80132381
80134526
80158247
80162993
80167648
80175421
80195828
80216541
80221109
80233962
80235268
80235578
80245356
80988834
80988835
80997613
81002414
81031939
81034010
81043103
81110383
80173485
80189866
80209658
80242378
80998296
81001809
81021082
81025946
81033516
81044299
81065786
81066244
81074140
81110394
81172727
81206000
81317308
80117736
80119349
80182949
80184770
80204460
80223123
80236906
80993656
80994442
81016193
81035837
81035838
81035888
81043345
81047677
81132441
81172728
81172757
81213148
81344085
80131280
80142223
80158844
80177776
80191081
80208104
80208468
81016194
81035840
81035880
81035884
81044857
81172908
81213149
81244454
81244455
81273243
80063265
80075563
80081793
80091140
80091246
80091658
80092423
80097389
80098100
80115029
80116204
80116256
80117445
80117456
80117824
80123740
80123743
80146800
80152742
81088495
81275008
80002667
80081155
80093105
80096585
80097391
80127559
80141185
80148275
80160699
80160699
80160699
80160699
80049951
80102019
80103313
80104237
80104240
80104420
80104648
80115687
80118280
80131414
80144691
80147988
80149145
80149575
80168301
80171528
80190148
80190149
80190990
80202605
80227113
80227114
81172747
60026155
70093223
70122644
70189048
80156932
80177441
80184100
80201542
80202920
80217545
80224054
80224055
80224106
80227754
80999781
81026186
81026188
81034553
81043813
81076898
81088153
81088157
81088159
81148811
81240441
81333665
80098842
80103428
80115133
80125627
80126995
80134518
80134885
80134887
80159955
80185722
80185723
80227115
80228322
80234464
81035842
81035843
81043343
81044856
81172903
81270775
81287882
80134887
80134887
80134887
70305900
70307653
70308063
80011621
80021752
80027980
80028439
80036832
80037476
80038361
80038420
80048061
80049939
80058062
80064511
80075823
80081374
80093212
80100171
80114419
80185923
80245626
81229171
81238313
81273604
80030346
80032640
80082660
80095197
80095232
80103425
80109193
80134885
80141185
80149145
80149575
80157565
80173606
80195801
80226951
80238434
80241666
80244123
80990336
80990341
80990342
80993650
81043104
81080761
81108677
81227758
80011852
80045922
80046727
80058460
80065596
80079470
80092409
80097221
80106137
80106230
80134420
