70230098
70274091
80103687
80243481
28630857
60010110
60020683
60024942
70021644
70108777
70250213
70295172
80123741
80175621
80183339
80188765
80235928
81034553
81034865
452508
60000901
70021648
70060009
70117341
70208103
80013871
660954
60022985
60028129
60031274
70117925
70123711
70131314
80024079
80117445
80221317
81043755
81064069
81160045
771476
60036230
70100380
70208599
80022618
80091140
80117824
80136821
562050
60034571
70060015
70113669
70142888
70283197
80091400
80121192
80170988
81245964
541027
60026141
60027393
70000199
70019062
70048120
70184155
80037677
80048224
80098100
80103102
80115029
80200267
80230399
81083891
1151375
70056430
70101344
70114977
70145758
70289949
80144140
81035279
81290755
60024940
70019058
70140914
70171581
70264803
80133493
81304139
60003509
70264797
80116256
80119234
80182014
80200571
80223779
81088157
81232236
81304171
70106454
70155113
70241596
80123744
80174356
81194641
81269624
81281872
60000681
60034569
70021664
70044882
70052464
70135898
70176653
70189048
70208104
80028299
80081374
80122759
22013422
60000485
60033314
60034527
70044892
70125231
70139532
80005628
80131739
80182598
80200047
70056439
70140907
70275600
70301013
80027980
80068327
80094721
80146804
81026818
70119812
80107084
80171527
80175483
80184100
80217039
80238204
523650
70060010
70114015
70178640
80115031
80117263
80231903
80234491
80986885
81231197
70121711
70178620
70251537
80119192
80235213
80238203
81046846
81238313
20282991
70041957
70271226
70293811
70307653
80061797
80103727
80182116
80202874
81086694
81090071
81273713
70032591
70060018
70063588
70137790
80089006
80114419
80118916
80173176
80198975
80999781
81273604
60031766
60034529
70044327
70122644
70271486
80104316
80195049
80202920
81321999
70032096
70139513
70258995
80036398
80163263
80231419
80991158
81021447
81074014
81131714
81132386
70045282
70045803
70104894
80013775
80060037
80128722
81273619
60020817
70139515
70167073
70261178
70308278
80044545
80067522
80103311
80126569
80173395
70082267
70291097
80098467
80134527
80148239
80183328
80223731
80245268
572762
70142824
80057865
80096984
80102952
80114719
80115109
80117236
80119233
80242081
81003582
20769923
80000644
80013602
80141338
80221584
80240537
81012821
81233909
81274609
70101321
70295415
80144455
80172937
80179373
81167980
81326710
70105699
80099971
80141185
80174436
80198585
80207371
80225016
80244019
80995284
81143068
70060017
70154109
70285670
80092885
80184625
80226021
80233883
80241779
81000061
81254437
394550
60024924
80038420
80101827
80171405
80198596
80224106
81016360
81024153
81047512
81251281
60025338
80114501
80119177
80127546
80134420
80156683
80231156
81043813
81150338
70108386
70115441
80106230
80208212
80222823
80223050
81003741
81018181
81038598
81100119
81170086
22689884
60024980
70108391
70152658
70290909
80011852
80045783
80075476
80102579
80119193
80152442
80160081
80177834
80192815
80192834
80231064
80231601
80234791
80235268
81284392
70169918
80082947
80191294
80200225
80231065
80236133
80992039
81146011
81245546
81264660
70041148
80049283
80097321
80113669
80124722
80145699
80185876
80243709
80244457
81251918
60032925
70001919
70139385
80015154
80017264
80039717
80064521
80081410
80095197
80116761
80131414
80218656
80237870
80993489
80995799
81017092
81043541
81108479
81285512
81292225
60034531
60036752
70052286
80064459
80094648
80103512
80126485
80142615
80147295
80198055
80216611
80224218
80990336
81020839
81045720
81051688
81158574
81212780
81226955
81273559
80074904
80082718
80164864
80190027
80237300
80994695
81012822
81038599
81292944
80038527
80092849
80106137
80117684
80197301
80201175
80244547
81087761
81211714
81261846
